 0.000000  4.000000  0.195774  5.236068 INT 0 INT 0
 0.000000  4.000000  4.000000  0.000000 INT 0 INT 0
 0.000000  4.000000  5.236068  7.804226 INT 0 INT 0
 0.000000  4.000000  6.351141  0.763932 INT 0 INT 0
 0.000000  4.000000  7.236068  6.351141 INT 0 INT 0
 0.195774  5.236068  0.763932  6.351141 INT 0 INT 0
 0.195774  5.236068  0.763932  1.648859 INT 0 INT 0
 0.195774  5.236068  1.648859  0.763932 INT 0 NEU 0
 0.195774  5.236068  2.763932  0.195774 INT 0 INT 0
 0.195774  5.236068  4.000000  8.000000 INT 0 INT 0
 0.195774  5.236068  5.236068  7.804226 INT 0 INT 0
 0.195774  5.236068  5.236068  0.195774 INT 0 NEU 0
 0.195774  5.236068  6.351141  7.236068 INT 0 INT 0
 0.195774  5.236068  7.236068  6.351141 INT 0 INT 0
 0.195774  5.236068  7.804226  5.236068 INT 0 INT 0
 0.195774  5.236068  7.804226  2.763932 INT 0 INT 0
 0.195774  5.236068  8.000000  4.000000 INT 0 INT 0
 0.195774  2.763932  0.763932  6.351141 INT 0 INT 0
 0.195774  2.763932  0.763932  1.648859 INT 0 INT 0
 0.195774  2.763932  2.763932  7.804226 INT 0 INT 0
 0.195774  2.763932  8.000000  4.000000 INT 0 INT 0
 0.763932  6.351141  1.648859  7.236068 INT 0 INT 0
 0.763932  6.351141  2.763932  7.804226 INT 0 INT 0
 1.648859  7.236068  2.763932  0.195774 INT 0 INT 0
 2.763932  0.195774  7.236068  1.648859 INT 0 INT 0
 2.763932  0.195774  7.804226  2.763932 INT 0 INT 0
 4.000000  8.000000  4.000000  0.000000 INT 0 INT 0
 4.000000  0.000000  6.351141  0.763932 INT 0 INT 0
 6.351141  7.236068  7.236068  1.648859 INT 0 INT 0
 7.236068  1.648859  7.804226  5.236068 INT 0 INT 0
