 0.000000  4.000000  0.800000  6.400000 INT 0 INT 0
 0.000000  4.000000  0.800000  1.600000 INT 0 INT 0
 0.000000  4.000000  1.600000  7.200000 INT 0 INT 0
 0.000000  4.000000  2.400000  7.666061 INT 0 INT 0
 0.000000  4.000000  2.400000  0.333939 INT 0 INT 0
 0.000000  4.000000  3.200000  0.080816 INT 0 MIX 0
 0.000000  4.000000  4.000000  0.000000 INT 0 INT 0
 0.000000  4.000000  4.800000  7.919184 INT 0 INT 0
 0.000000  4.000000  4.800000  0.080816 INT 0 INT 0
 0.000000  4.000000  5.600000  7.666061 INT 0 INT 0
 0.000000  4.000000  6.400000  7.200000 INT 0 MIX 0
 0.000000  4.000000  6.400000  0.800000 INT 0 INT 0
 0.000000  4.000000  8.000000  4.000000 INT 0 INT 0
 0.800000  6.400000  3.200000  7.919184 INT 0 INT 0
 0.800000  6.400000  7.200000  6.400000 INT 0 INT 0
 0.800000  1.600000  1.600000  7.200000 INT 0 INT 0
 0.800000  1.600000  5.600000  0.333939 INT 0 INT 0
 1.600000  0.800000  6.400000  0.800000 MIX 0 INT 0
 2.400000  7.666061  2.400000  0.333939 INT 0 INT 0
 2.400000  7.666061  3.200000  7.919184 INT 0 INT 0
 2.400000  7.666061  4.000000  8.000000 INT 0 INT 0
 2.400000  7.666061  5.600000  7.666061 INT 0 INT 0
 2.400000  7.666061  5.600000  0.333939 INT 0 INT 0
 2.400000  7.666061  7.200000  1.600000 INT 0 INT 0
 2.400000  0.333939  4.000000  0.000000 INT 0 INT 0
 4.000000  8.000000  4.800000  7.919184 INT 0 INT 0
 4.000000  8.000000  4.800000  0.080816 INT 0 INT 0
 4.800000  0.080816  7.200000  1.600000 INT 0 INT 0
 4.800000  0.080816  8.000000  4.000000 INT 0 INT 0
 5.600000  0.333939  7.200000  6.400000 INT 0 INT 0
