 2.000000  0.866025  0.000000  1.500000  1.732051  0.000000 INT 0 INT 0
 2.000000  0.866025  0.000000  1.500000 -0.000000  0.000000 INT 0 INT 0
 2.000000  0.866025  0.000000  2.500000  0.000000  0.000000 INT 0 INT 0
 2.000000  0.866025  0.000000  2.500000  1.732051  0.000000 INT 0 INT 0
 1.500000  1.732051  0.000000  0.500000  1.732051  0.000000 INT 0 INT 0
 0.500000  1.732051  0.000000  0.000000  0.866025  0.000000 INT 0 INT 0
 0.000000  0.866025  0.000000  0.500000  0.000000  0.000000 INT 0 INT 0
 0.500000  0.000000  0.000000  1.500000 -0.000000  0.000000 INT 0 INT 0
 2.500000  0.000000  0.000000  3.500000 -0.000000  0.000000 INT 0 INT 0
 3.500000 -0.000000  0.000000  4.000000  0.866025  0.000000 INT 0 INT 0
 4.000000  0.866025  0.000000  3.500000  1.732051  0.000000 INT 0 INT 0
 3.500000  1.732051  0.000000  2.500000  1.732051  0.000000 INT 0 INT 0
