 1.000000  0.500000  0.679623  0.500000 DIR 1 INT 0
 0.679623  0.500000  0.453082  0.726541 INT 0 INT 0
 0.679623  0.500000  0.453082  0.273459 INT 0 INT 0
 0.453082  0.726541  0.339811  0.839811 INT 0 INT 0
 0.453082  0.726541  0.339811  0.613270 INT 0 INT 0
 0.453082  0.273459  0.339811  0.386730 INT 0 INT 0
 0.453082  0.273459  0.339811  0.160189 INT 0 INT 0
 0.339811  0.386730  0.264298  0.462243 INT 0 NEU 0
 0.339811  0.386730  0.264298  0.311216 INT 0 NEU 0
 0.339811  0.160189  0.264298  0.235702 INT 0 NEU 0
 0.339811  0.160189  0.264298  0.084675 INT 0 NEU 0
 0.339811  0.839811  0.264298  0.915325 INT 0 NEU 0
 0.339811  0.839811  0.264298  0.764298 INT 0 NEU 0
 0.339811  0.613270  0.264298  0.688784 INT 0 NEU 0
 0.339811  0.613270  0.264298  0.537757 INT 0 NEU 0
