 2.000000  0.866025  1.500000  1.732051 NEU 0 NEU 0
 2.000000  0.866025  1.500000 -0.000000 NEU 0 NEU 0
 2.000000  0.866025  2.500000  0.000000 NEU 0 NEU 0
 2.000000  0.866025  2.500000  1.732051 NEU 0 NEU 0
 1.500000  1.732051  0.500000  1.732051 NEU 0 NEU 0
 0.500000  1.732051  0.000000  0.866025 NEU 0 NEU 0
 0.000000  0.866025  0.500000  0.000000 NEU 0 NEU 0
 0.500000  0.000000  1.500000 -0.000000 NEU 0 NEU 0
 2.500000  0.000000  3.500000 -0.000000 NEU 0 NEU 0
 3.500000 -0.000000  4.000000  0.866025 NEU 0 NEU 0
 4.000000  0.866025  3.500000  1.732051 NEU 0 NEU 0
 3.500000  1.732051  2.500000  1.732051 NEU 0 NEU 0
