-1.000000  0.000000 -0.951057  0.309017 NEU 0 NEU 0
-1.000000  0.000000 -0.951057 -0.309017 NEU 0 NEU 0
-1.000000  0.000000 -0.809017  0.587785 NEU 0 NEU 0
-1.000000  0.000000 -0.587785  0.809017 NEU 0 NEU 0
-1.000000  0.000000 -0.587785 -0.809017 NEU 0 NEU 0
-1.000000  0.000000 -0.309017 -0.951057 NEU 0 NEU 0
-1.000000  0.000000 -0.000000 -1.000000 NEU 0 NEU 0
-1.000000  0.000000  0.309017  0.951057 NEU 0 NEU 0
-1.000000  0.000000  0.309017 -0.951057 NEU 0 NEU 0
-1.000000  0.000000  0.587785  0.809017 NEU 0 NEU 0
-1.000000  0.000000  0.809017  0.587785 NEU 0 NEU 0
-1.000000  0.000000  0.809017 -0.587785 NEU 0 NEU 0
-1.000000  0.000000  1.000000  0.000000 NEU 0 NEU 0
-0.951057  0.309017 -0.309017  0.951057 NEU 0 NEU 0
-0.951057  0.309017  0.951057  0.309017 NEU 0 NEU 0
-0.951057 -0.309017 -0.809017  0.587785 NEU 0 NEU 0
-0.951057 -0.309017  0.587785 -0.809017 NEU 0 NEU 0
-0.809017 -0.587785  0.809017 -0.587785 NEU 0 NEU 0
-0.587785  0.809017 -0.587785 -0.809017 NEU 0 NEU 0
-0.587785  0.809017 -0.309017  0.951057 NEU 0 NEU 0
-0.587785  0.809017 -0.000000  1.000000 NEU 0 NEU 0
-0.587785  0.809017  0.587785  0.809017 NEU 0 NEU 0
-0.587785  0.809017  0.587785 -0.809017 NEU 0 NEU 0
-0.587785  0.809017  0.951057 -0.309017 NEU 0 NEU 0
-0.587785 -0.809017 -0.000000 -1.000000 NEU 0 NEU 0
-0.000000  1.000000  0.309017  0.951057 NEU 0 NEU 0
-0.000000  1.000000  0.309017 -0.951057 NEU 0 NEU 0
 0.309017 -0.951057  0.951057 -0.309017 NEU 0 NEU 0
 0.309017 -0.951057  1.000000  0.000000 NEU 0 NEU 0
 0.587785 -0.809017  0.951057  0.309017 NEU 0 NEU 0
