 0.000000  0.000000  1.000000  0.000000 DIR 1 INT 0
 1.000000  0.000000  1.288675  0.166667 INT 0 INT 0
 1.000000  0.000000  1.288675 -0.166667 INT 0 INT 0
 1.288675  0.166667  1.384900  0.222222 INT 0 INT 0
 1.288675  0.166667  1.384900  0.111111 INT 0 INT 0
 1.288675 -0.166667  1.384900 -0.111111 INT 0 INT 0
 1.288675 -0.166667  1.384900 -0.222222 INT 0 INT 0
 1.384900 -0.111111  1.416975 -0.092593 INT 0 INT 0
 1.384900 -0.111111  1.416975 -0.129630 INT 0 INT 0
 1.384900 -0.222222  1.416975 -0.203704 INT 0 INT 0
 1.384900 -0.222222  1.416975 -0.240741 INT 0 INT 0
 1.384900  0.222222  1.416975  0.240741 INT 0 INT 0
 1.384900  0.222222  1.416975  0.203704 INT 0 INT 0
 1.384900  0.111111  1.416975  0.129630 INT 0 INT 0
 1.384900  0.111111  1.416975  0.092593 INT 0 INT 0
 1.416975  0.129630  1.427667  0.135802 INT 0 NEU 0
 1.416975  0.129630  1.427667  0.123457 INT 0 NEU 0
 1.416975  0.092593  1.427667  0.098765 INT 0 NEU 0
 1.416975  0.092593  1.427667  0.086420 INT 0 NEU 0
 1.416975  0.240741  1.427667  0.246914 INT 0 NEU 0
 1.416975  0.240741  1.427667  0.234568 INT 0 NEU 0
 1.416975  0.203704  1.427667  0.209877 INT 0 NEU 0
 1.416975  0.203704  1.427667  0.197531 INT 0 NEU 0
 1.416975 -0.203704  1.427667 -0.197531 INT 0 NEU 0
 1.416975 -0.203704  1.427667 -0.209877 INT 0 NEU 0
 1.416975 -0.240741  1.427667 -0.234568 INT 0 NEU 0
 1.416975 -0.240741  1.427667 -0.246914 INT 0 NEU 0
 1.416975 -0.092593  1.427667 -0.086420 INT 0 NEU 0
 1.416975 -0.092593  1.427667 -0.098765 INT 0 NEU 0
 1.416975 -0.129630  1.427667 -0.123457 INT 0 NEU 0
 1.416975 -0.129630  1.427667 -0.135802 INT 0 NEU 0
