 0.000000  1.000000  1.000000  1.000000 DIR 0 NEU 0
 1.000000  1.000000  1.707107  1.707107 NEU 0 NEU 0
 1.000000  1.000000  1.707107  0.292893 NEU 0 NEU 0
 1.707107  1.707107  2.630986  2.089790 NEU 0 NEU 0
 1.707107  1.707107  2.630986  1.324423 NEU 0 NEU 0
 1.707107  0.292893  2.630986  0.675577 NEU 0 NEU 0
 1.707107  0.292893  2.630986 -0.089790 NEU 0 NEU 0
 2.630986  0.675577  3.596912  0.934396 NEU 0 NEU 0
 2.630986  0.675577  3.596912  0.416758 NEU 0 NEU 0
 2.630986 -0.089790  3.596912  0.169029 NEU 0 NEU 0
 2.630986 -0.089790  3.596912 -0.348609 NEU 0 NEU 0
 2.630986  2.089790  3.596912  2.348609 NEU 0 NEU 0
 2.630986  2.089790  3.596912  1.830971 NEU 0 NEU 0
 2.630986  1.324423  3.596912  1.583242 NEU 0 NEU 0
 2.630986  1.324423  3.596912  1.065604 NEU 0 NEU 0
