 0.000000  0.000000  1.000000  0.000000 DIR 1 INT 0
 1.000000  0.000000  1.707107  0.707107 INT 0 INT 0
 1.000000  0.000000  1.707107 -0.707107 INT 0 INT 0
 1.707107  0.707107  1.938077  0.802778 INT 0 INT 0
 1.707107  0.707107  1.938077  0.611436 INT 0 INT 0
 1.707107 -0.707107  1.938077 -0.611436 INT 0 INT 0
 1.707107 -0.707107  1.938077 -0.802778 INT 0 INT 0
 1.938077 -0.611436  2.045402 -0.582678 INT 0 NEU 0
 1.938077 -0.611436  2.045402 -0.640194 INT 0 NEU 0
 1.938077 -0.802778  2.045402 -0.774020 INT 0 NEU 0
 1.938077 -0.802778  2.045402 -0.831535 INT 0 NEU 0
 1.938077  0.802778  2.045402  0.831535 INT 0 NEU 0
 1.938077  0.802778  2.045402  0.774020 INT 0 NEU 0
 1.938077  0.611436  2.045402  0.640194 INT 0 NEU 0
 1.938077  0.611436  2.045402  0.582678 INT 0 NEU 0
