 0.000000  0.000000  1.500000  0.000000 DIR 1 INT 0
 1.500000  0.000000  2.560660  1.060660 INT 0 INT 0
 1.500000  0.000000  2.560660 -1.060660 INT 0 INT 0
 2.560660  1.060660  2.825825  1.325825 INT 0 INT 0
 2.560660  1.060660  2.825825  0.795495 INT 0 INT 0
 2.560660 -1.060660  2.825825 -0.795495 INT 0 INT 0
 2.560660 -1.060660  2.825825 -1.325825 INT 0 INT 0
 2.825825 -0.795495  2.943676 -0.677644 INT 0 NEU 0
 2.825825 -0.795495  2.943676 -0.913346 INT 0 NEU 0
 2.825825 -1.325825  2.943676 -1.207974 INT 0 NEU 0
 2.825825 -1.325825  2.943676 -1.443676 INT 0 NEU 0
 2.825825  1.325825  2.943676  1.443676 INT 0 NEU 0
 2.825825  1.325825  2.943676  1.207974 INT 0 NEU 0
 2.825825  0.795495  2.943676  0.913346 INT 0 NEU 0
 2.825825  0.795495  2.943676  0.677644 INT 0 NEU 0
