 0.000000  0.000000  1.000000  0.000000 DIR 1 INT 0
 1.000000  0.000000  1.866025  0.500000 INT 0 INT 0
 1.000000  0.000000  1.866025 -0.500000 INT 0 INT 0
 1.866025  0.500000  2.082532  0.625000 INT 0 INT 0
 1.866025  0.500000  2.082532  0.375000 INT 0 INT 0
 1.866025 -0.500000  2.082532 -0.375000 INT 0 INT 0
 1.866025 -0.500000  2.082532 -0.625000 INT 0 INT 0
 2.082532 -0.375000  2.178757 -0.319444 INT 0 NEU 0
 2.082532 -0.375000  2.178757 -0.430556 INT 0 NEU 0
 2.082532 -0.625000  2.178757 -0.569444 INT 0 NEU 0
 2.082532 -0.625000  2.178757 -0.680556 INT 0 NEU 0
 2.082532  0.625000  2.178757  0.680556 INT 0 NEU 0
 2.082532  0.625000  2.178757  0.569444 INT 0 NEU 0
 2.082532  0.375000  2.178757  0.430556 INT 0 NEU 0
 2.082532  0.375000  2.178757  0.319444 INT 0 NEU 0
