 0.000000  0.000000  1.000000  0.000000 DIR 1 INT 0
 1.000000  0.000000  1.216506  0.125000 INT 0 INT 0
 1.000000  0.000000  1.216506 -0.125000 INT 0 INT 0
 1.216506  0.125000  1.270633  0.156250 INT 0 INT 0
 1.216506  0.125000  1.270633  0.093750 INT 0 INT 0
 1.216506 -0.125000  1.270633 -0.093750 INT 0 INT 0
 1.216506 -0.125000  1.270633 -0.156250 INT 0 INT 0
 1.270633 -0.093750  1.284165 -0.085937 INT 0 INT 0
 1.270633 -0.093750  1.284165 -0.101562 INT 0 INT 0
 1.270633 -0.156250  1.284165 -0.148437 INT 0 INT 0
 1.270633 -0.156250  1.284165 -0.164062 INT 0 INT 0
 1.270633  0.156250  1.284165  0.164062 INT 0 INT 0
 1.270633  0.156250  1.284165  0.148437 INT 0 INT 0
 1.270633  0.093750  1.284165  0.101562 INT 0 INT 0
 1.270633  0.093750  1.284165  0.085937 INT 0 INT 0
 1.284165  0.101562  1.287547  0.103516 INT 0 NEU 0
 1.284165  0.101562  1.287547  0.099609 INT 0 NEU 0
 1.284165  0.085937  1.287547  0.087891 INT 0 NEU 0
 1.284165  0.085937  1.287547  0.083984 INT 0 NEU 0
 1.284165  0.164062  1.287547  0.166016 INT 0 NEU 0
 1.284165  0.164062  1.287547  0.162109 INT 0 NEU 0
 1.284165  0.148437  1.287547  0.150391 INT 0 NEU 0
 1.284165  0.148437  1.287547  0.146484 INT 0 NEU 0
 1.284165 -0.148437  1.287547 -0.146484 INT 0 NEU 0
 1.284165 -0.148437  1.287547 -0.150391 INT 0 NEU 0
 1.284165 -0.164062  1.287547 -0.162109 INT 0 NEU 0
 1.284165 -0.164062  1.287547 -0.166016 INT 0 NEU 0
 1.284165 -0.085937  1.287547 -0.083984 INT 0 NEU 0
 1.284165 -0.085937  1.287547 -0.087891 INT 0 NEU 0
 1.284165 -0.101562  1.287547 -0.099609 INT 0 NEU 0
 1.284165 -0.101562  1.287547 -0.103516 INT 0 NEU 0
