 0.000000  0.000000  1.500000  0.000000 DIR 1 INT 0
 1.500000  0.000000  2.149519  0.375000 INT 0 INT 0
 1.500000  0.000000  2.149519 -0.375000 INT 0 INT 0
 2.149519  0.375000  2.474279  0.562500 INT 0 INT 0
 2.149519  0.375000  2.474279  0.187500 INT 0 INT 0
 2.149519 -0.375000  2.474279 -0.187500 INT 0 INT 0
 2.149519 -0.375000  2.474279 -0.562500 INT 0 INT 0
 2.474279 -0.187500  2.636658 -0.093750 INT 0 NEU 0
 2.474279 -0.187500  2.636658 -0.281250 INT 0 NEU 0
 2.474279 -0.562500  2.636658 -0.468750 INT 0 NEU 0
 2.474279 -0.562500  2.636658 -0.656250 INT 0 NEU 0
 2.474279  0.562500  2.636658  0.656250 INT 0 NEU 0
 2.474279  0.562500  2.636658  0.468750 INT 0 NEU 0
 2.474279  0.187500  2.636658  0.281250 INT 0 NEU 0
 2.474279  0.187500  2.636658  0.093750 INT 0 NEU 0
