 0.000000  0.000000  1.000000  0.000000 DIR 1 INT 0
 1.000000  0.000000  1.707107  0.707107 INT 0 INT 0
 1.000000  0.000000  1.707107 -0.707107 INT 0 INT 0
 1.707107  0.707107  2.060660  1.060660 INT 0 INT 0
 1.707107  0.707107  2.060660  0.353553 INT 0 INT 0
 1.707107 -0.707107  2.060660 -0.353553 INT 0 INT 0
 1.707107 -0.707107  2.060660 -1.060660 INT 0 INT 0
 2.060660 -0.353553  2.296362 -0.117851 INT 0 NEU 0
 2.060660 -0.353553  2.296362 -0.589256 INT 0 NEU 0
 2.060660 -1.060660  2.296362 -0.824958 INT 0 NEU 0
 2.060660 -1.060660  2.296362 -1.296362 INT 0 NEU 0
 2.060660  1.060660  2.296362  1.296362 INT 0 NEU 0
 2.060660  1.060660  2.296362  0.824958 INT 0 NEU 0
 2.060660  0.353553  2.296362  0.589256 INT 0 NEU 0
 2.060660  0.353553  2.296362  0.117851 INT 0 NEU 0
