 0.000000  0.000000  1.000000  0.000000 DIR 1 INT 0
 1.000000  0.000000  1.707107  0.707107 INT 0 INT 0
 1.000000  0.000000  1.707107 -0.707107 INT 0 INT 0
 1.707107  0.707107  1.883883  0.883883 INT 0 INT 0
 1.707107  0.707107  1.883883  0.530330 INT 0 INT 0
 1.707107 -0.707107  1.883883 -0.530330 INT 0 INT 0
 1.707107 -0.707107  1.883883 -0.883883 INT 0 INT 0
 1.883883 -0.530330  1.962451 -0.451763 INT 0 NEU 0
 1.883883 -0.530330  1.962451 -0.608898 INT 0 NEU 0
 1.883883 -0.883883  1.962451 -0.805316 INT 0 NEU 0
 1.883883 -0.883883  1.962451 -0.962451 INT 0 NEU 0
 1.883883  0.883883  1.962451  0.962451 INT 0 NEU 0
 1.883883  0.883883  1.962451  0.805316 INT 0 NEU 0
 1.883883  0.530330  1.962451  0.608898 INT 0 NEU 0
 1.883883  0.530330  1.962451  0.451763 INT 0 NEU 0
