 0.000000  0.000000  1.000000  0.000000 DIR 1 INT 0
 1.000000  0.000000  1.707107  0.707107 INT 0 INT 0
 1.000000  0.000000  1.707107 -0.707107 INT 0 INT 0
 1.707107  0.707107  2.169047  0.898448 INT 0 INT 0
 1.707107  0.707107  2.169047  0.515765 INT 0 INT 0
 1.707107 -0.707107  2.169047 -0.515765 INT 0 INT 0
 1.707107 -0.707107  2.169047 -0.898448 INT 0 INT 0
 2.169047 -0.515765  2.491022 -0.429492 INT 0 NEU 0
 2.169047 -0.515765  2.491022 -0.602038 INT 0 NEU 0
 2.169047 -0.898448  2.491022 -0.812175 INT 0 NEU 0
 2.169047 -0.898448  2.491022 -0.984722 INT 0 NEU 0
 2.169047  0.898448  2.491022  0.984722 INT 0 NEU 0
 2.169047  0.898448  2.491022  0.812175 INT 0 NEU 0
 2.169047  0.515765  2.491022  0.602038 INT 0 NEU 0
 2.169047  0.515765  2.491022  0.429492 INT 0 NEU 0
