 0.000000  0.000000  1.000000  0.000000 DIR 1 INT 0
 1.000000  0.000000  1.866025  0.500000 INT 0 INT 0
 1.000000  0.000000  1.866025 -0.500000 INT 0 INT 0
 1.866025  0.500000  2.299038  0.750000 INT 0 INT 0
 1.866025  0.500000  2.299038  0.250000 INT 0 INT 0
 1.866025 -0.500000  2.299038 -0.250000 INT 0 INT 0
 1.866025 -0.500000  2.299038 -0.750000 INT 0 INT 0
 2.299038 -0.250000  2.587713 -0.083333 INT 0 NEU 0
 2.299038 -0.250000  2.587713 -0.416667 INT 0 NEU 0
 2.299038 -0.750000  2.587713 -0.583333 INT 0 NEU 0
 2.299038 -0.750000  2.587713 -0.916667 INT 0 NEU 0
 2.299038  0.750000  2.587713  0.916667 INT 0 NEU 0
 2.299038  0.750000  2.587713  0.583333 INT 0 NEU 0
 2.299038  0.250000  2.587713  0.416667 INT 0 NEU 0
 2.299038  0.250000  2.587713  0.083333 INT 0 NEU 0
