 0.000000  0.000000  1.000000  0.000000 DIR 1 INT 0
 1.000000  0.000000  1.433013  0.250000 INT 0 INT 0
 1.000000  0.000000  1.433013 -0.250000 INT 0 INT 0
 1.433013  0.250000  1.649519  0.375000 INT 0 INT 0
 1.433013  0.250000  1.649519  0.125000 INT 0 INT 0
 1.433013 -0.250000  1.649519 -0.125000 INT 0 INT 0
 1.433013 -0.250000  1.649519 -0.375000 INT 0 INT 0
 1.649519 -0.125000  1.757772 -0.062500 INT 0 NEU 0
 1.649519 -0.125000  1.757772 -0.187500 INT 0 NEU 0
 1.649519 -0.375000  1.757772 -0.312500 INT 0 NEU 0
 1.649519 -0.375000  1.757772 -0.437500 INT 0 NEU 0
 1.649519  0.375000  1.757772  0.437500 INT 0 NEU 0
 1.649519  0.375000  1.757772  0.312500 INT 0 NEU 0
 1.649519  0.125000  1.757772  0.187500 INT 0 NEU 0
 1.649519  0.125000  1.757772  0.062500 INT 0 NEU 0
