 1.000000  0.500000 -0.000000  0.679623  0.500000 -0.000000 DIR 1 INT 0
 0.679623  0.500000 -0.000000  0.453082  0.726541 -0.000000 INT 0 INT 0
 0.679623  0.500000 -0.000000  0.453082  0.273459 -0.000000 INT 0 INT 0
 0.453082  0.726541 -0.000000  0.339811  0.839811 -0.000000 INT 0 INT 0
 0.453082  0.726541 -0.000000  0.339811  0.613270 -0.000000 INT 0 INT 0
 0.453082  0.273459 -0.000000  0.339811  0.386730 -0.000000 INT 0 INT 0
 0.453082  0.273459 -0.000000  0.339811  0.160189 -0.000000 INT 0 INT 0
 0.339811  0.386730 -0.000000  0.264298  0.462243 -0.000000 INT 0 MIX 0
 0.339811  0.386730 -0.000000  0.264298  0.311216 -0.000000 INT 0 MIX 0
 0.339811  0.160189 -0.000000  0.264298  0.235702 -0.000000 INT 0 MIX 0
 0.339811  0.160189 -0.000000  0.264298  0.084675 -0.000000 INT 0 MIX 0
 0.339811  0.839811 -0.000000  0.264298  0.915325 -0.000000 INT 0 MIX 0
 0.339811  0.839811 -0.000000  0.264298  0.764298 -0.000000 INT 0 MIX 0
 0.339811  0.613270 -0.000000  0.264298  0.688784 -0.000000 INT 0 MIX 0
 0.339811  0.613270 -0.000000  0.264298  0.537757 -0.000000 INT 0 MIX 0
